Chemtool Version 1.6.13
geometry 466 270
bonds 22
181	137	136	92	0	0	0
136	92	73	92	0	0	0
73	92	28	137	0	0	0
74	182	136	182	10	0	0
28	137	74	182	5	0	0
181	137	136	182	5	0	0
73	92	73	30	0	0	0
136	182	136	246	0	0	0
74	182	74	119	0	0	0
28	137	28	201	0	0	0
181	137	226	182	0	0	0
226	182	271	137	0	0	0
424	137	379	92	0	0	0
379	92	316	92	0	0	0
316	92	271	137	0	0	0
316	182	379	182	10	0	0
424	137	379	182	5	0	0
271	137	316	182	5	0	0
424	137	424	201	0	0	0
316	92	316	29	0	0	0
316	182	316	119	0	0	0
379	182	379	246	0	0	0
atoms 11
136	92	O	0	0	0	3
73	30	CH_2OH	0	0	0	3
136	246	OH	0	0	0	3
74	119	OH	0	0	0	3
28	201	OH	0	0	0	3
226	182	O	0	0	0	3
379	92	O	0	0	0	3
424	201	OH	0	0	0	3
316	29	CH_2OH	0	0	0	3
316	119	OH	0	0	0	3
379	246	OH	0	0	0	3
splines 0
scalefactors 10.668000 2
