Chemtool Version 1.6.13
geometry 394 278
bonds 22
168	130	123	85	0	0	0
123	85	60	85	0	0	0
60	85	15	130	0	0	0
60	175	123	175	10	0	0
168	130	123	175	5	0	0
15	130	60	175	5	0	0
168	130	212	174	0	0	0
123	175	123	238	0	0	0
60	175	60	112	0	0	0
15	130	15	194	0	0	0
60	85	60	22	0	0	0
212	174	257	129	0	0	0
257	129	308	92	0	0	0
308	92	359	129	0	0	0
257	129	257	65	0	0	0
278	189	341	189	10	0	0
257	129	278	189	5	0	0
359	129	341	189	5	0	0
278	189	278	147	0	0	0
341	189	341	253	0	0	0
359	129	359	65	0	0	0
359	129	359	193	0	0	0
atoms 12
123	85	O	0	0	0	3
212	174	O	0	0	0	3
123	238	OH	0	0	0	3
60	112	OH	0	0	0	3
15	194	OH	0	0	0	3
60	22	CH_2OH	0	0	0	3
308	92	O	0	0	0	3
257	65	CH_2OH	0	0	0	3
278	147	OH	0	0	0	3
341	253	OH	0	0	0	3
359	193	OH	0	0	0	3
359	65	CH_2OH	0	0	0	3
splines 0
scalefactors 10.668000 2
