Chemtool Version 1.6.13
geometry 608 806
bonds 16
444	594	498	564	0	0	0
498	564	553	596	0	0	0
498	564	498	501	4	0	0
444	594	444	658	0	0	0
444	594	389	562	0	0	0
389	562	334	594	0	0	0
334	594	289	637	0	1	0
233	606	246	547	0	1	0
246	547	309	538	0	1	0
231	733	178	702	0	1	0
178	639	233	606	0	1	0
289	637	287	702	0	1	0
334	594	309	538	1	0	0
233	606	287	638	2	0	0
178	639	178	702	1	0	0
231	733	286	701	1	0	0
atoms 4
498	501	O	0	0	0	3
553	596	OH	0	0	0	3
444	658	NH_2	0	0	0	3
246	547	N	-1	0	0	3
splines 0
scalefactors 10.668000 2
