Chemtool Version 1.6.13
geometry 159 374
bonds 12
81	86	81	149	0	0	0
81	86	145	86	1	0	0
81	86	81	22	0	0	0
81	149	145	149	0	0	0
81	149	17	149	0	0	0
81	149	81	213	0	0	0
81	213	145	213	0	0	0
81	213	17	213	0	0	0
81	213	81	277	0	0	0
81	277	145	277	0	0	0
81	277	17	277	0	0	0
81	277	81	340	0	0	0
atoms 10
81	86	C	0	0	0	3
145	86	O	0	0	0	3
81	22	CH_2OH	0	0	0	3
145	149	H	0	0	0	3
17	213	H	0	0	0	3
17	277	H	0	0	0	3
145	213	OH	0	0	0	3
145	277	OH	0	0	0	3
81	340	CH_2OH	0	0	0	3
17	149	HO	0	0	0	3
splines 0
scalefactors 10.668000 2
