Chemtool Version 1.6.13
geometry 367 407
bonds 22
73	306	136	306	10	0	0
181	261	136	216	0	0	0
136	216	73	216	0	0	0
73	216	29	260	0	0	0
29	260	73	306	5	0	0
181	261	136	306	5	0	0
73	216	73	153	0	0	0
73	306	73	242	0	0	0
136	306	136	370	0	0	0
29	260	29	196	0	0	0
181	261	181	198	0	0	0
181	198	181	135	0	0	0
334	135	289	90	0	0	0
289	90	226	90	0	0	0
226	90	181	135	0	0	0
226	180	226	117	0	0	0
289	180	289	244	0	0	0
334	135	334	199	0	0	0
226	90	226	27	0	0	0
226	180	288	180	10	0	0
334	135	288	180	5	0	0
181	135	226	180	5	0	0
atoms 11
136	216	O	0	0	0	3
73	153	CH_2OH	0	0	0	3
73	242	OH	0	0	0	3
29	196	OH	0	0	0	3
136	370	OH	0	0	0	3
181	198	O	0	0	0	3
289	90	O	0	0	0	3
226	27	CH_2OH	0	0	0	3
226	117	OH	0	0	0	3
289	244	OH	0	0	0	3
334	199	OH	0	0	0	3
splines 0
scalefactors 10.668000 2
