Chemtool Version 1.6.13
geometry 1010 430
bonds 37
417	200	481	200	0	0	0
417	200	417	264	0	0	0
417	264	481	264	0	0	0
417	264	417	328	0	0	0
417	328	481	328	0	0	0
417	200	353	200	0	0	0
417	264	353	264	0	0	0
417	328	353	328	0	0	0
417	200	417	136	0	0	0
417	328	417	391	0	0	0
481	200	536	168	0	0	0
536	168	591	200	0	0	0
481	264	536	232	0	0	0
536	232	591	264	0	0	0
481	328	536	296	0	0	0
536	296	590	328	0	0	0
590	328	645	296	0	0	0
645	296	699	326	0	0	0
754	294	809	326	0	0	0
809	326	864	294	0	0	0
864	294	919	326	0	0	0
591	264	646	232	0	0	0
646	232	701	264	0	0	0
701	264	756	232	0	0	0
756	232	810	264	0	0	0
865	232	919	264	0	0	0
591	200	646	168	0	0	0
701	200	755	170	0	0	0
755	170	810	202	0	0	0
810	202	864	172	0	0	0
864	172	919	204	0	0	0
536	168	536	126	4	0	0
536	232	536	190	4	0	0
536	296	536	254	4	0	0
646	168	701	200	1	0	0
699	326	754	294	1	0	0
810	264	864	232	1	0	0
atoms 14
417	200	C	-1	0	0	3
417	264	C	-1	0	0	3
417	328	C	-1	0	0	3
417	136	H	-1	0	0	3
417	391	H	-1	0	0	3
353	328	H	-1	0	0	3
353	264	H	-1	0	0	3
353	200	H	-1	0	0	3
481	200	O	-1	0	0	3
481	264	O	-1	0	0	3
481	328	O	-1	0	0	3
536	126	O	-1	0	0	3
536	190	O	-1	0	0	3
536	254	O	-1	0	0	3
splines 0
scalefactors 10.668000 2
