Chemtool Version 1.6.13
geometry 910 658
bonds 13
764	471	764	535	0	0	0
764	471	828	471	0	0	0
764	471	700	471	0	0	0
764	471	764	407	0	0	0
764	407	828	407	0	0	0
764	407	700	407	0	0	0
764	407	764	343	0	0	0
764	343	828	343	0	0	0
764	343	700	343	0	0	0
764	343	764	279	0	0	0
764	535	828	535	0	0	0
764	535	701	535	0	0	0
764	535	764	599	0	0	0
atoms 10
764	599	CH_2OPO_3^2	0	0	0	3
764	279	COO^-	0	0	0	3
700	407	HO	-2	0	0	3
700	343	H	-2	0	0	3
828	407	H	-2	0	0	3
700	471	H	-2	0	0	3
701	535	H	-2	0	0	3
828	343	OH	0	0	0	3
828	471	OH	0	0	0	3
828	535	OH	0	0	0	3
splines 0
scalefactors 10.668000 2
