Chemtool Version 1.6.13
geometry 1155 359
bonds 17
177	319	231	289	0	0	0
231	289	286	321	0	0	0
231	289	231	225	1	0	0
286	321	340	291	0	0	0
340	291	395	323	0	0	0
395	323	450	291	0	0	0
450	291	505	323	0	0	0
505	323	559	293	0	0	0
559	293	613	323	0	0	0
613	323	668	291	0	0	0
668	291	723	323	0	0	0
723	323	777	293	0	0	0
777	293	832	325	0	0	0
832	325	886	293	0	0	0
886	293	941	325	0	0	0
941	325	995	295	0	0	0
995	295	1050	327	0	0	0
atoms 2
177	319	HO	-2	0	0	3
231	225	O	0	0	0	3
splines 0
scalefactors 10.000000 2
