Chemtool Version 1.6.13
geometry 162 379
bonds 13
84	25	84	89	0	0	0
84	89	148	89	0	0	0
84	89	20	89	0	0	0
84	89	84	153	0	0	0
84	153	147	153	0	0	0
84	153	20	153	0	0	0
84	153	84	217	0	0	0
84	217	148	217	0	0	0
84	217	20	217	0	0	0
84	217	84	281	0	0	0
84	281	21	281	0	0	0
84	281	148	281	0	0	0
84	281	84	345	0	0	0
atoms 10
84	25	CHO	0	0	0	3
84	345	CH_2OH	0	0	0	3
148	281	OH	0	0	0	3
148	89	OH	0	0	0	3
20	89	H	0	0	0	3
21	281	H	0	0	0	3
147	153	H	0	0	0	3
148	217	H	0	0	0	3
20	153	HO	0	0	0	3
20	217	HO	0	0	0	3
splines 0
scalefactors 10.668000 2
